ply
format ascii 1.0
comment VCGLIB generated
element vertex 642
property float x
property float y
property float z
element face 1280
property list uchar int vertex_indices
end_header
0.6753 -0.490628 -0.550685 
0.723607 -0.525725 -0.44722 
-0.276388 -0.850649 -0.44722 
-0.276388 0.850649 -0.44722 
0.638453 0.604038 -0.476987 
-0.221089 -0.907271 -0.357741 
-0.931188 -0.070089 -0.357738 
0.276388 -0.850649 0.44722 
0.377183 -0.793861 0.476988 
0.257937 -0.79386 0.550685 
0.894426 0 0.447216 
0.307167 0.126518 0.943208 
0.587783 0.129731 0.798549 
0.753442 0 0.657515 
0.834716 0 0.550681 
0.036848 0.113408 0.992865 
0.166198 0.120749 0.978672 
0.215245 0.253036 0.943209 
0.3618 0.262863 0.894429 
0.120413 0.370598 0.920955 
0.262862 0.389192 0.882855 
0.451375 0.129731 0.882854 
0.506729 0.266403 0.819912 
0.305014 0.518924 0.798552 
0.706258 0.126519 0.696558 
0.638194 0.262864 0.72361 
0.550008 0.399605 0.733353 
0.409951 0.399604 0.819913 
0.447209 0.525728 0.723612 
0.338569 0.632593 0.696561 
0.747366 0.253038 0.614342 
0.57783 0.518926 0.629943 
0.471599 0.632594 0.614344 
0.801022 0.12075 0.586331 
0.769872 0.3706 0.51957 
0.672087 0.389194 0.629942 
0.483971 0.716565 0.502302 
0.362366 0.724502 0.586334 
0.276388 0.850649 0.44722 
0.077607 0.238853 0.96795 
0.162456 0.499995 0.850654 
0.200688 0.617666 0.760403 
0.257937 0.79386 0.550685 
-0.063483 0.195376 0.978672 
-0.203181 0.147618 0.96795 
-0.138197 0.425319 0.89443 
-0.025408 0.331227 0.943209 
-0.174138 0.282901 0.943209 
0.05825 0.599101 0.798552 
0.016098 0.469369 0.882855 
-0.096779 0.564248 0.819914 
-0.253366 0.513369 0.819914 
-0.288916 0.370262 0.882855 
0.097915 0.710785 0.696561 
-0.497009 0.517479 0.696561 
-0.399272 0.45044 0.798552 
0.232822 0.716563 0.657519 
-0.009708 0.788978 0.614345 
-0.05279 0.688185 0.723612 
-0.210088 0.646571 0.733355 
-0.361804 0.587778 0.723612 
-0.609547 0.442856 0.657519 
0.132684 0.799129 0.586334 
-0.162463 0.759458 0.629944 
-0.314971 0.709904 0.629944 
-0.455902 0.643998 0.614344 
-0.531941 0.681712 0.502302 
-0.577066 0.568513 0.586334 
-0.638452 0.604038 0.476987 
-0.723607 0.525725 0.44722 
-0.096471 0.070089 0.992865 
-0.315251 0.22904 0.920955 
-0.425323 0.309011 0.850654 
-0.52542 0.381735 0.760403 
-0.6753 0.490628 0.550685 
-0.205432 0 0.978671 
-0.203181 -0.147618 0.96795 
-0.322868 0.078192 0.943208 
-0.322868 -0.078192 0.943208 
-0.551779 0.240532 0.798551 
-0.441423 0.160354 0.882855 
-0.44721 -0 0.894429 
-0.441423 -0.160354 0.882855 
-0.551779 -0.240532 0.798551 
-0.64574 0.312768 0.696561 
-0.566539 0.082322 0.819912 
-0.566539 -0.082322 0.819912 
-0.670817 -0.162457 0.723611 
-0.719015 0.373135 0.586334 
-0.670817 0.162457 0.723611 
-0.679848 -0 0.733353 
-0.64574 -0.312768 0.69656 
-0.719015 -0.373135 0.586334 
-0.6753 -0.490628 0.550685 
-0.753363 0.234576 0.614343 
-0.772492 0.080177 0.629942 
-0.840673 -0.152694 0.519571 
-0.772492 -0.080177 0.629942 
-0.753363 -0.234576 0.614343 
-0.096471 -0.070089 0.992865 
-0.063483 -0.195376 0.978672 
-0.315251 -0.22904 0.920955 
-0.425323 -0.309011 0.850654 
-0.577066 -0.568513 0.586334 
0.077607 -0.238853 0.96795 
0.036848 -0.113408 0.992865 
-0.174138 -0.282901 0.943209 
-0.025408 -0.331227 0.943209 
0.016098 -0.469369 0.882855 
-0.288916 -0.370262 0.882855 
-0.138197 -0.425319 0.89443 
0.200688 -0.617666 0.760403 
0.162456 -0.499995 0.850654 
-0.52542 -0.381735 0.760403 
-0.399272 -0.45044 0.798552 
-0.253366 -0.513369 0.819914 
-0.096779 -0.564248 0.819914 
0.05825 -0.599101 0.798552 
-0.05279 -0.688185 0.723612 
-0.609547 -0.442856 0.657519 
-0.497009 -0.517479 0.696561 
-0.361804 -0.587778 0.723612 
-0.314971 -0.709904 0.629944 
-0.162463 -0.759458 0.629944 
-0.210088 -0.646571 0.733355 
-0.009708 -0.788978 0.614345 
0.097915 -0.710785 0.696561 
0.232822 -0.716563 0.657519 
-0.531941 -0.681712 0.502302 
-0.455902 -0.643998 0.614345 
-0.405008 -0.752338 0.519572 
0.161465 -0.863951 0.476988 
0.132684 -0.799129 0.586335 
0 0 1 
0.120413 -0.370598 0.920955 
0.305014 -0.518924 0.798552 
0.251147 0 0.967949 
0.119245 0 0.992865 
0.166198 -0.120749 0.978672 
0.389673 0 0.920953 
0.215245 -0.253036 0.943209 
0.3618 -0.262863 0.894429 
0.307167 -0.126518 0.943208 
0.52573 0 0.850652 
0.262862 -0.389192 0.882855 
0.409951 -0.399604 0.819913 
0.451375 -0.129731 0.882854 
0.649456 0 0.760399 
0.338569 -0.632593 0.696561 
0.506729 -0.266403 0.819912 
0.638194 -0.262864 0.72361 
0.587783 -0.129731 0.798549 
0.706258 -0.126519 0.696558 
0.471599 -0.632594 0.614344 
0.447209 -0.525728 0.723612 
0.550008 -0.399605 0.733353 
0.57783 -0.518926 0.629943 
0.362366 -0.724502 0.586334 
0.590366 -0.617668 0.519572 
0.672087 -0.389194 0.629942 
0.688189 -0.499997 0.525736 
0.747366 -0.253038 0.614342 
0.801022 -0.12075 0.586331 
0.871565 -0.113408 0.476984 
0.951058 0.309013 0 
0.915098 0.381737 -0.129893 
0.90374 0.195376 0.380897 
0.871565 0.113408 0.476984 
0.921508 0.282902 0.266063 
0.854992 0.331229 0.399094 
0.831051 0.238853 0.502299 
0.918856 0.370264 0.13641 
0.861804 0.425322 0.276396 
0.782446 0.469371 0.409229 
0.68819 0.599104 0.40923 
0.688189 0.499997 0.525736 
0.892805 0.450443 -0 
0.84666 0.513372 0.140059 
0.749882 0.646576 0.140059 
0.77663 0.564251 0.280118 
0.590366 0.617668 0.519572 
0.84529 0.517481 -0.133032 
0.809019 0.587782 0 
0.704293 0.709909 0 
0.636088 0.759463 0.136411 
0.670821 0.688189 0.276397 
0.55382 0.788982 0.266065 
0.465085 0.799132 0.3809 
0.579226 0.710788 0.399096 
0.782501 0.568515 -0.253933 
0.753368 0.644002 -0.133032 
0.645839 0.752342 -0.129894 
0.354409 0.863953 0.357742 
0.377183 0.793861 0.476988 
0.093451 0.919882 0.3809 
0.0157 0.963827 0.266064 
-0.152509 0.988302 -0 
-0.298885 0.919883 -0.253934 
0.161465 0.863951 0.476988 
0.029639 0.864184 0.502302 
-0.050816 0.9155 0.399096 
-0.114564 0.846711 0.519572 
-0.068205 0.988302 0.13641 
-0.138198 0.951055 0.276397 
0 1 0 
-0.226618 0.963861 0.140059 
-0.296648 0.912981 0.280118 
-0.357124 0.839639 0.40923 
-0.204615 0.889193 0.40923 
-0.262869 0.809012 0.525738 
-0.080276 0.988273 -0.129894 
-0.309016 0.951057 -0 
-0.383207 0.912982 0.140059 
-0.447215 0.850649 0.276397 
-0.497012 0.77052 0.399096 
-0.405008 0.752338 0.519572 
-0.37968 0.915503 -0.133033 
-0.230948 0.963829 -0.133033 
-0.457527 0.889196 -0 
-0.525732 0.839642 0.13641 
-0.579229 0.770522 0.266065 
-0.616302 0.689266 0.3809 
-0.354409 0.863953 -0.357742 
-0.645839 0.752343 0.129894 
-0.794547 0.490629 0.357741 
-0.964711 0.229041 -0.129893 
-0.987059 0.160355 0 
-0.967222 -0 -0.253931 
-0.771771 0.420539 0.476987 
-0.845982 0.373136 0.380899 
-0.812729 0.295238 0.502301 
-0.911804 0.312769 0.266063 
-0.840673 0.152694 0.519571 
-0.961008 0.240533 0.13641 
-0.886396 0.234577 0.399095 
-0.908902 0.080178 0.409229 
-0.947213 0.162458 0.276396 
-0.908902 -0.080178 0.409229 
-0.850648 0 0.525736 
-0.988023 0.078192 -0.133031 
-0.986715 0.082322 0.140059 
-1 -0 1e-06 
-0.986715 -0.082323 0.140059 
-0.959966 -0 0.280117 
-0.886395 -0.234577 0.399095 
-0.988023 -0.078193 -0.13303 
-0.961008 -0.240534 0.136411 
-0.947213 -0.162458 0.276397 
-0.911803 -0.312769 0.266065 
-0.845982 -0.373136 0.3809 
-0.812729 -0.295238 0.502301 
-0.956626 -0.147618 -0.251149 
-0.964711 -0.229041 -0.129893 
-0.987059 -0.160356 1e-06 
-0.860698 -0.442858 0.251151 
-0.723607 -0.525725 0.44722 
-0.771771 -0.420539 0.476987 
-0.638453 -0.604038 0.476987 
-0.457527 -0.889196 -1e-06 
-0.587786 -0.809017 0 
-0.515946 -0.846716 -0.129894 
-0.436007 -0.864188 -0.251152 
-0.71215 -0.604039 0.357741 
-0.616302 -0.689266 0.3809 
-0.447216 -0.850649 0.276397 
-0.579229 -0.770521 0.266064 
-0.497012 -0.77052 0.399096 
-0.357124 -0.839639 0.40923 
-0.383208 -0.912982 0.140059 
-0.525732 -0.839641 0.13641 
-0.204616 -0.889193 0.40923 
-0.262869 -0.809012 0.525738 
-0.379681 -0.915502 -0.133033 
-0.226619 -0.963861 0.140059 
-0.296649 -0.912981 0.280118 
-0.138199 -0.951055 0.276397 
-0.050817 -0.9155 0.399096 
-0.114564 -0.846711 0.519573 
0.029639 -0.864184 0.502302 
-0.298885 -0.919883 -0.253934 
-0.230948 -0.963828 -0.133033 
-0.309017 -0.951056 -1e-06 
0.015699 -0.963827 0.266064 
0.093451 -0.919882 0.3809 
-0.080276 -0.988273 -0.129894 
-0 -1 -0 
-0.152509 -0.988302 -0 
-0.068206 -0.988302 0.13641 
0.155215 -0.955422 0.251152 
0.221089 -0.907271 0.357741 
0.515946 -0.846716 0.129894 
0.354409 -0.863953 0.357742 
0.465085 -0.799132 0.3809 
0.55382 -0.788983 0.266064 
0.579226 -0.710788 0.399096 
0.483971 -0.716565 0.502302 
0.636088 -0.759463 0.13641 
0.704293 -0.709909 -1e-06 
0.67082 -0.68819 0.276396 
0.77663 -0.564252 0.280116 
0.68819 -0.599104 0.409229 
0.749882 -0.646576 0.140058 
0.861804 -0.425323 0.276394 
0.782446 -0.469372 0.409228 
0.769872 -0.3706 0.51957 
0.753368 -0.644002 -0.133034 
0.809019 -0.587783 -2e-06 
0.892805 -0.450444 -2e-06 
0.846659 -0.513373 0.140057 
0.918856 -0.370266 0.136407 
0.921508 -0.282904 0.266061 
0.854992 -0.33123 0.399093 
0.831051 -0.238853 0.502299 
0.71215 -0.604039 -0.357741 
0.794547 -0.490629 -0.357741 
0.782501 -0.568515 -0.253934 
0.845289 -0.517482 -0.133034 
0.915098 -0.381737 -0.129893 
0.90374 -0.195377 0.380896 
0.931188 -0.070089 0.357738 
0.221089 0.907271 0.357741 
0.379681 0.915502 0.133033 
0.436007 0.864188 0.251152 
0.71215 0.604039 -0.357741 
0.687159 0.681715 -0.251152 
0.298886 0.919883 0.253934 
0.155215 0.955422 0.251152 
0.515946 0.846716 0.129894 
0.309017 0.951056 -0 
0.230948 0.963828 0.133033 
0.152509 0.988302 0 
0.080276 0.988273 0.129894 
0.587786 0.809017 -0 
0.525732 0.839641 -0.136411 
0.457527 0.889196 -0 
0.226619 0.963861 -0.14006 
0.383207 0.912982 -0.14006 
0.068205 0.988302 -0.13641 
-0.015699 0.963827 -0.266065 
-0.155215 0.955422 -0.251152 
0.579229 0.770521 -0.266065 
0.497012 0.77052 -0.399097 
0.447216 0.850648 -0.276398 
0.357124 0.839639 -0.409231 
0.296648 0.91298 -0.280119 
0.138199 0.951055 -0.276398 
-0.093451 0.919881 -0.3809 
0.531941 0.681712 -0.502302 
0.616302 0.689265 -0.3809 
0.262869 0.809012 -0.525738 
0.114564 0.846711 -0.519573 
0.204615 0.889192 -0.409231 
0.050817 0.9155 -0.399097 
-0.029639 0.864184 -0.502302 
-0.161465 0.863951 -0.476988 
-0.221089 0.907271 -0.357741 
-0.71215 0.604039 0.357741 
-0.687159 0.681715 0.251152 
-0.753368 0.644002 0.133032 
-0.587786 0.809017 -0 
-0.704293 0.70991 -0 
-0.636087 0.759464 -0.136411 
-0.465084 0.799132 -0.3809 
-0.860698 0.442858 0.251151 
-0.84529 0.517482 0.133032 
-0.782501 0.568515 0.253934 
-0.892805 0.450444 0 
-0.915098 0.381737 0.129893 
-0.749881 0.646577 -0.140059 
-0.809018 0.587783 -0 
-0.918856 0.370265 -0.13641 
-0.951058 0.309013 0 
-0.515946 0.846716 -0.129894 
-0.846659 0.513374 -0.140059 
-0.921507 0.282904 -0.266063 
-0.956626 0.147618 -0.251149 
-0.436007 0.864188 -0.251152 
-0.553819 0.788983 -0.266065 
-0.670819 0.688191 -0.276397 
-0.776628 0.564253 -0.280118 
-0.861803 0.425324 -0.276396 
-0.931188 0.070089 -0.357738 
-0.579224 0.710789 -0.399096 
-0.688189 0.599106 -0.40923 
-0.688189 0.499997 -0.525736 
-0.782445 0.469374 -0.409229 
-0.854991 0.331231 -0.399094 
-0.903739 0.195378 -0.380897 
-0.871565 0.113408 -0.476984 
-0.915098 -0.381737 0.129893 
-0.951058 -0.309013 -0 
-0.892805 -0.450444 -0 
-0.794547 -0.490629 0.357741 
-0.782501 -0.568515 0.253934 
-0.645839 -0.752342 0.129894 
-0.687159 -0.681715 0.251152 
-0.84529 -0.517482 0.133032 
-0.809018 -0.587783 0 
-0.753368 -0.644002 0.133032 
-0.846659 -0.513374 -0.140059 
-0.749881 -0.646577 -0.140059 
-0.704293 -0.70991 0 
-0.921508 -0.282904 -0.266063 
-0.918856 -0.370265 -0.13641 
-0.861803 -0.425324 -0.276396 
-0.776629 -0.564253 -0.280118 
-0.636087 -0.759464 -0.136411 
-0.553819 -0.788983 -0.266065 
-0.903739 -0.195378 -0.380897 
-0.854991 -0.331231 -0.399094 
-0.782445 -0.469374 -0.409229 
-0.670819 -0.688191 -0.276397 
-0.688189 -0.599106 -0.40923 
-0.579224 -0.710789 -0.399096 
-0.465084 -0.799132 -0.3809 
-0.831051 -0.238853 -0.502299 
-0.483971 -0.716565 -0.502302 
-0.354409 -0.863953 -0.357742 
0.068206 -0.988302 -0.13641 
-0.015699 -0.963827 -0.266065 
-0.093451 -0.919882 -0.3809 
0.436007 -0.864188 0.251152 
0.230948 -0.963828 0.133032 
0.298886 -0.919883 0.253934 
0.379681 -0.915502 0.133033 
0.080276 -0.988273 0.129894 
0.457527 -0.889196 0 
0.587786 -0.809017 0 
0.152509 -0.988302 -0 
0.309017 -0.951056 0 
0.296648 -0.91298 -0.280119 
0.226619 -0.963861 -0.14006 
0.383207 -0.912982 -0.14006 
0.525732 -0.839641 -0.136411 
0.687159 -0.681715 -0.251152 
0.645839 -0.752343 -0.129894 
-0.155215 -0.955422 -0.251152 
0.138199 -0.951055 -0.276397 
0.447216 -0.850648 -0.276398 
0.579229 -0.770521 -0.266065 
0.114564 -0.846711 -0.519572 
0.050817 -0.9155 -0.399097 
0.204615 -0.889192 -0.40923 
0.357124 -0.839639 -0.40923 
0.405008 -0.752338 -0.519572 
0.497012 -0.77052 -0.399097 
0.616302 -0.689266 -0.3809 
0.931188 0.070089 0.357738 
0.988023 -0.078192 0.133031 
0.951058 -0.309013 -0 
0.964711 -0.229041 0.129893 
0.956626 -0.147618 0.251149 
0.967222 -0 0.253931 
0.956626 0.147618 0.251149 
0.964711 0.229041 0.129893 
1 -0 0 
0.988023 0.078192 0.133031 
0.987059 0.160355 0 
0.987059 -0.160355 -0 
0.986715 0.082322 -0.140059 
0.961008 0.240533 -0.13641 
0.961008 -0.240533 -0.13641 
0.986715 -0.082322 -0.140059 
0.860698 0.442858 -0.251151 
0.860698 -0.442858 -0.251151 
0.911804 -0.312769 -0.266064 
0.947213 -0.162458 -0.276396 
0.959966 -0 -0.280117 
0.947213 0.162458 -0.276396 
0.911804 0.312769 -0.266064 
0.845982 -0.373136 -0.380899 
0.771771 -0.420539 -0.476987 
0.886396 -0.234576 -0.399095 
0.908902 -0.080178 -0.409229 
0.908902 0.080178 -0.409229 
0.886396 0.234576 -0.399095 
0.845982 0.373136 -0.380899 
0.794547 0.490629 -0.357741 
0.6753 0.490628 -0.550685 
0.723607 0.525725 -0.44722 
0.609547 0.442856 -0.657519 
0.288916 0.370263 -0.882855 
0.096471 0.070089 -0.992865 
0.577066 0.568513 -0.586334 
0.405008 0.752338 -0.519572 
0.52542 0.381735 -0.760403 
0.497009 0.517479 -0.696561 
0.314971 0.709905 -0.629943 
0.455902 0.643999 -0.614344 
0.399272 0.450441 -0.798552 
0.361804 0.587779 -0.723612 
0.210087 0.646572 -0.733354 
0.162463 0.759459 -0.629943 
0.174138 0.282902 -0.943209 
0.253366 0.51337 -0.819913 
0.052789 0.688186 -0.723611 
0.025407 0.331229 -0.943208 
0.138197 0.425321 -0.894429 
0.096779 0.56425 -0.819912 
0.009708 0.788979 -0.614344 
0.063482 0.195377 -0.978671 
-0.077607 0.238853 -0.96795 
-0.016099 0.469371 -0.882854 
-0.120413 0.370598 -0.920955 
-0.162456 0.499995 -0.850654 
-0.05825 0.599103 -0.79855 
-0.200688 0.617666 -0.760403 
-0.097915 0.710786 -0.69656 
-0.132684 0.799129 -0.586334 
-0.377183 0.793861 -0.476988 
-0.232822 0.716563 -0.657519 
-0.362367 0.724501 -0.586334 
-0.257937 0.79386 -0.550685 
-0.305014 0.518923 -0.798552 
-0.036848 0.113408 -0.992865 
-0.483971 0.716565 -0.502302 
-0.338569 0.632593 -0.696561 
-0.471601 0.632593 -0.614344 
-0.590366 0.617668 -0.519572 
-0.447211 0.525727 -0.723612 
-0.262862 0.389192 -0.882855 
-0.55001 0.399603 -0.733353 
-0.577832 0.518924 -0.629943 
-0.50673 0.266402 -0.819912 
-0.409952 0.399603 -0.819913 
-0.672088 0.389192 -0.629942 
-0.747367 0.253036 -0.614341 
-0.769872 0.3706 -0.51957 
-0.831051 0.238853 -0.502299 
-0.166198 0.120749 -0.978671 
-0.215245 0.253036 -0.943209 
-0.307168 0.126518 -0.943208 
-0.361801 0.262863 -0.894429 
-0.587784 0.12973 -0.798549 
-0.706258 0.126518 -0.696557 
-0.638195 0.262863 -0.723609 
-0.801022 0.120749 -0.58633 
-0.119245 0 -0.992865 
-0.251147 0 -0.967949 
-0.451376 0.12973 -0.882853 
-0.389673 0 -0.920953 
-0.52573 0 -0.850652 
-0.649456 0 -0.760399 
-0.753442 0 -0.657515 
-0.834716 0 -0.550681 
-0.894426 0 -0.447216 
-0.871565 -0.113408 -0.476984 
-0.706258 -0.126518 -0.696558 
-0.801022 -0.12075 -0.58633 
-0.638195 -0.262864 -0.723609 
-0.747367 -0.253037 -0.614341 
-0.769872 -0.3706 -0.51957 
-0.587784 -0.129731 -0.798549 
-0.550009 -0.399605 -0.733352 
-0.672088 -0.389193 -0.629941 
-0.688189 -0.499997 -0.525736 
-0.451375 -0.129731 -0.882853 
-0.361801 -0.262864 -0.894428 
-0.50673 -0.266403 -0.819911 
-0.409952 -0.399605 -0.819912 
-0.447211 -0.525729 -0.72361 
-0.577832 -0.518925 -0.629942 
-0.590366 -0.617668 -0.519572 
-0.307168 -0.126519 -0.943208 
-0.471601 -0.632594 -0.614343 
-0.362367 -0.724502 -0.586333 
-0.377183 -0.793861 -0.476988 
-0.166198 -0.12075 -0.978671 
-0.077607 -0.238853 -0.96795 
-0.215246 -0.253038 -0.943208 
-0.262863 -0.389194 -0.882854 
-0.162456 -0.499995 -0.850654 
-0.305015 -0.518925 -0.79855 
-0.338569 -0.632594 -0.69656 
0.771771 0.420539 -0.476987 
0.840673 0.152694 -0.519571 
0.840673 -0.152694 -0.519571 
0.812729 0.295238 -0.502301 
0.753363 0.234576 -0.614343 
0.719015 0.373135 -0.586334 
0.64574 0.312768 -0.69656 
0.850648 -0 -0.525736 
0.772493 0.080177 -0.629942 
0.56654 0.082322 -0.819912 
0.670817 0.162457 -0.723611 
0.55178 0.240532 -0.798551 
0.425323 0.309011 -0.850654 
0.315251 0.22904 -0.920955 
0.772493 -0.080178 -0.629942 
0.679849 -0 -0.733353 
0.566541 -0.082323 -0.819911 
0.441423 0.160354 -0.882854 
0.447211 -1e-06 -0.894428 
0.322869 0.078191 -0.943208 
0.203181 0.147618 -0.96795 
0.812729 -0.295238 -0.502301 
0.719016 -0.373136 -0.586333 
0.753364 -0.234576 -0.614343 
0.670818 -0.162458 -0.72361 
0.645741 -0.312769 -0.696559 
0.551781 -0.240533 -0.79855 
0.441424 -0.160356 -0.882854 
0.32287 -0.078193 -0.943208 
0.315251 -0.22904 -0.920955 
0.203181 -0.147618 -0.96795 
0.205432 -1e-06 -0.978671 
0.096471 -0.070089 -0.992865 
0 0 -1 
-0.161465 -0.863951 -0.476988 
-0.257937 -0.79386 -0.550685 
-0.097915 -0.710785 -0.696561 
-0.120413 -0.370598 -0.920955 
-0.036848 -0.113408 -0.992865 
-0.029639 -0.864184 -0.502302 
-0.232822 -0.716563 -0.657519 
0.009709 -0.788978 -0.614344 
-0.132684 -0.799129 -0.586334 
-0.200688 -0.617666 -0.760403 
-0.058249 -0.599101 -0.798552 
0.162463 -0.759458 -0.629944 
0.05279 -0.688185 -0.723612 
0.210089 -0.646572 -0.733354 
0.314971 -0.709905 -0.629943 
0.262869 -0.809012 -0.525738 
0.025409 -0.331228 -0.943209 
-0.016097 -0.46937 -0.882855 
0.09678 -0.564249 -0.819913 
0.253368 -0.51337 -0.819912 
0.455903 -0.643999 -0.614344 
0.063484 -0.195377 -0.978671 
0.138199 -0.425321 -0.894429 
0.288918 -0.370264 -0.882854 
0.399274 -0.450441 -0.79855 
0.361805 -0.587779 -0.723611 
0.577067 -0.568513 -0.586333 
0.638452 -0.604038 -0.476987 
0.531941 -0.681712 -0.502302 
0.17414 -0.282902 -0.943208 
0.425323 -0.309011 -0.850654 
0.52542 -0.381735 -0.760403 
0.497011 -0.51748 -0.69656 
0.609547 -0.442856 -0.657519 
3 607 606 612 
3 1 0 471 
3 607 612 537 
3 607 537 514 
3 607 514 482 
3 1 471 314 
3 2 608 5 
3 545 546 6 
3 3 509 222 
3 479 4 323 
3 1 314 313 
3 2 5 417 
3 545 6 381 
3 3 222 355 
3 479 323 477 
3 7 8 9 
3 255 257 93 
3 69 228 74 
3 38 198 42 
3 10 167 14 
3 137 15 133 
3 136 16 137 
3 139 11 136 
3 143 21 139 
3 147 12 143 
3 13 24 147 
3 14 33 13 
3 137 16 15 
3 16 39 15 
3 136 11 16 
3 11 17 16 
3 16 17 39 
3 17 19 39 
3 139 21 11 
3 21 18 11 
3 11 18 17 
3 18 20 17 
3 17 20 19 
3 20 40 19 
3 143 12 21 
3 12 22 21 
3 21 22 18 
3 22 27 18 
3 18 27 20 
3 27 23 20 
3 20 23 40 
3 23 41 40 
3 147 24 12 
3 24 25 12 
3 12 25 22 
3 25 26 22 
3 22 26 27 
3 26 28 27 
3 27 28 23 
3 28 29 23 
3 23 29 41 
3 29 56 41 
3 13 33 24 
3 33 30 24 
3 24 30 25 
3 30 35 25 
3 25 35 26 
3 35 31 26 
3 26 31 28 
3 31 32 28 
3 28 32 29 
3 32 37 29 
3 29 37 56 
3 37 42 56 
3 14 167 33 
3 167 170 33 
3 33 170 30 
3 170 34 30 
3 30 34 35 
3 34 175 35 
3 35 175 31 
3 175 180 31 
3 31 180 32 
3 180 36 32 
3 32 36 37 
3 36 193 37 
3 37 193 42 
3 193 38 42 
3 15 70 133 
3 39 43 15 
3 19 46 39 
3 40 49 19 
3 41 48 40 
3 56 53 41 
3 42 62 56 
3 15 43 70 
3 43 44 70 
3 39 46 43 
3 46 47 43 
3 43 47 44 
3 47 71 44 
3 19 49 46 
3 49 45 46 
3 46 45 47 
3 45 52 47 
3 47 52 71 
3 52 72 71 
3 40 48 49 
3 48 50 49 
3 49 50 45 
3 50 51 45 
3 45 51 52 
3 51 55 52 
3 52 55 72 
3 55 73 72 
3 41 53 48 
3 53 58 48 
3 48 58 50 
3 58 59 50 
3 50 59 51 
3 59 60 51 
3 51 60 55 
3 60 54 55 
3 55 54 73 
3 54 61 73 
3 56 62 53 
3 62 57 53 
3 53 57 58 
3 57 63 58 
3 58 63 59 
3 63 64 59 
3 59 64 60 
3 64 65 60 
3 60 65 54 
3 65 67 54 
3 54 67 61 
3 67 74 61 
3 42 198 62 
3 198 199 62 
3 62 199 57 
3 199 201 57 
3 57 201 63 
3 201 209 63 
3 63 209 64 
3 209 215 64 
3 64 215 65 
3 215 66 65 
3 65 66 67 
3 66 68 67 
3 67 68 74 
3 68 69 74 
3 70 99 133 
3 44 75 70 
3 71 77 44 
3 72 80 71 
3 73 79 72 
3 61 84 73 
3 74 88 61 
3 70 75 99 
3 75 76 99 
3 44 77 75 
3 77 78 75 
3 75 78 76 
3 78 101 76 
3 71 80 77 
3 80 81 77 
3 77 81 78 
3 81 82 78 
3 78 82 101 
3 82 102 101 
3 72 79 80 
3 79 85 80 
3 80 85 81 
3 85 86 81 
3 81 86 82 
3 86 83 82 
3 82 83 102 
3 83 113 102 
3 73 84 79 
3 84 89 79 
3 79 89 85 
3 89 90 85 
3 85 90 86 
3 90 87 86 
3 86 87 83 
3 87 91 83 
3 83 91 113 
3 91 119 113 
3 61 88 84 
3 88 94 84 
3 84 94 89 
3 94 95 89 
3 89 95 90 
3 95 97 90 
3 90 97 87 
3 97 98 87 
3 87 98 91 
3 98 92 91 
3 91 92 119 
3 92 93 119 
3 74 228 88 
3 228 230 88 
3 88 230 94 
3 230 232 94 
3 94 232 95 
3 232 238 95 
3 95 238 97 
3 238 96 97 
3 97 96 98 
3 96 250 98 
3 98 250 92 
3 250 256 92 
3 92 256 93 
3 256 255 93 
3 99 105 133 
3 76 100 99 
3 101 106 76 
3 102 109 101 
3 113 114 102 
3 119 120 113 
3 93 103 119 
3 99 100 105 
3 100 104 105 
3 76 106 100 
3 106 107 100 
3 100 107 104 
3 107 134 104 
3 101 109 106 
3 109 110 106 
3 106 110 107 
3 110 108 107 
3 107 108 134 
3 108 112 134 
3 102 114 109 
3 114 115 109 
3 109 115 110 
3 115 116 110 
3 110 116 108 
3 116 117 108 
3 108 117 112 
3 117 111 112 
3 113 120 114 
3 120 121 114 
3 114 121 115 
3 121 124 115 
3 115 124 116 
3 124 118 116 
3 116 118 117 
3 118 126 117 
3 117 126 111 
3 126 127 111 
3 119 103 120 
3 103 129 120 
3 120 129 121 
3 129 122 121 
3 121 122 124 
3 122 123 124 
3 124 123 118 
3 123 125 118 
3 118 125 126 
3 125 132 126 
3 126 132 127 
3 132 9 127 
3 93 257 103 
3 257 128 103 
3 103 128 129 
3 128 130 129 
3 129 130 122 
3 130 271 122 
3 122 271 123 
3 271 277 123 
3 123 277 125 
3 277 278 125 
3 125 278 132 
3 278 131 132 
3 132 131 9 
3 131 7 9 
3 105 137 133 
3 104 138 105 
3 134 140 104 
3 112 144 134 
3 111 135 112 
3 127 148 111 
3 9 157 127 
3 105 138 137 
3 138 136 137 
3 104 140 138 
3 140 142 138 
3 138 142 136 
3 142 139 136 
3 134 144 140 
3 144 141 140 
3 140 141 142 
3 141 146 142 
3 142 146 139 
3 146 143 139 
3 112 135 144 
3 135 145 144 
3 144 145 141 
3 145 149 141 
3 141 149 146 
3 149 151 146 
3 146 151 143 
3 151 147 143 
3 111 148 135 
3 148 154 135 
3 135 154 145 
3 154 155 145 
3 145 155 149 
3 155 150 149 
3 149 150 151 
3 150 152 151 
3 151 152 147 
3 152 13 147 
3 127 157 148 
3 157 153 148 
3 148 153 154 
3 153 156 154 
3 154 156 155 
3 156 159 155 
3 155 159 150 
3 159 161 150 
3 150 161 152 
3 161 162 152 
3 152 162 13 
3 162 14 13 
3 9 8 157 
3 8 295 157 
3 157 295 153 
3 295 158 153 
3 153 158 156 
3 158 160 156 
3 156 160 159 
3 160 304 159 
3 159 304 161 
3 304 312 161 
3 161 312 162 
3 312 163 162 
3 162 163 14 
3 163 10 14 
3 447 167 10 
3 453 166 447 
3 454 168 453 
3 164 171 454 
3 165 176 164 
3 463 181 165 
3 477 189 463 
3 447 166 167 
3 166 170 167 
3 453 168 166 
3 168 169 166 
3 166 169 170 
3 169 34 170 
3 454 171 168 
3 171 172 168 
3 168 172 169 
3 172 173 169 
3 169 173 34 
3 173 175 34 
3 164 176 171 
3 176 177 171 
3 171 177 172 
3 177 179 172 
3 172 179 173 
3 179 174 173 
3 173 174 175 
3 174 180 175 
3 165 181 176 
3 181 182 176 
3 176 182 177 
3 182 178 177 
3 177 178 179 
3 178 185 179 
3 179 185 174 
3 185 188 174 
3 174 188 180 
3 188 36 180 
3 463 189 181 
3 189 190 181 
3 181 190 182 
3 190 183 182 
3 182 183 178 
3 183 184 178 
3 178 184 185 
3 184 186 185 
3 185 186 188 
3 186 187 188 
3 188 187 36 
3 187 193 36 
3 477 323 189 
3 323 324 189 
3 189 324 190 
3 324 191 190 
3 190 191 183 
3 191 332 183 
3 183 332 184 
3 332 327 184 
3 184 327 186 
3 327 322 186 
3 186 322 187 
3 322 192 187 
3 187 192 193 
3 192 38 193 
3 320 198 38 
3 326 194 320 
3 331 195 326 
3 204 202 331 
3 210 196 204 
3 339 217 210 
3 355 197 339 
3 320 194 198 
3 194 199 198 
3 326 195 194 
3 195 200 194 
3 194 200 199 
3 200 201 199 
3 331 202 195 
3 202 203 195 
3 195 203 200 
3 203 208 200 
3 200 208 201 
3 208 209 201 
3 204 196 202 
3 196 205 202 
3 202 205 203 
3 205 206 203 
3 203 206 208 
3 206 207 208 
3 208 207 209 
3 207 215 209 
3 210 217 196 
3 217 211 196 
3 196 211 205 
3 211 212 205 
3 205 212 206 
3 212 213 206 
3 206 213 207 
3 213 214 207 
3 207 214 215 
3 214 66 215 
3 339 197 217 
3 197 216 217 
3 217 216 211 
3 216 218 211 
3 211 218 212 
3 218 219 212 
3 212 219 213 
3 219 220 213 
3 213 220 214 
3 220 221 214 
3 214 221 66 
3 221 68 66 
3 355 222 197 
3 222 376 197 
3 197 376 216 
3 376 372 216 
3 216 372 218 
3 372 359 218 
3 218 359 219 
3 359 223 219 
3 219 223 220 
3 223 357 220 
3 220 357 221 
3 357 356 221 
3 221 356 68 
3 356 69 68 
3 224 228 69 
3 363 229 224 
3 367 231 363 
3 371 233 367 
3 225 226 371 
3 375 239 225 
3 381 227 375 
3 224 229 228 
3 229 230 228 
3 363 231 229 
3 231 234 229 
3 229 234 230 
3 234 232 230 
3 367 233 231 
3 233 236 231 
3 231 236 234 
3 236 235 234 
3 234 235 232 
3 235 238 232 
3 371 226 233 
3 226 240 233 
3 233 240 236 
3 240 243 236 
3 236 243 235 
3 243 237 235 
3 235 237 238 
3 237 96 238 
3 225 239 226 
3 239 241 226 
3 226 241 240 
3 241 242 240 
3 240 242 243 
3 242 247 243 
3 243 247 237 
3 247 244 237 
3 237 244 96 
3 244 250 96 
3 375 227 239 
3 227 245 239 
3 239 245 241 
3 245 253 241 
3 241 253 242 
3 253 246 242 
3 242 246 247 
3 246 248 247 
3 247 248 244 
3 248 249 244 
3 244 249 250 
3 249 256 250 
3 381 6 227 
3 6 251 227 
3 227 251 245 
3 251 252 245 
3 245 252 253 
3 252 390 253 
3 253 390 246 
3 390 389 246 
3 246 389 248 
3 389 254 248 
3 248 254 249 
3 254 392 249 
3 249 392 256 
3 392 255 256 
3 262 257 255 
3 395 263 262 
3 394 265 395 
3 259 269 394 
3 260 258 259 
3 261 272 260 
3 417 279 261 
3 262 263 257 
3 263 128 257 
3 395 265 263 
3 265 266 263 
3 263 266 128 
3 266 130 128 
3 394 269 265 
3 269 264 265 
3 265 264 266 
3 264 267 266 
3 266 267 130 
3 267 271 130 
3 259 258 269 
3 258 268 269 
3 269 268 264 
3 268 274 264 
3 264 274 267 
3 274 270 267 
3 267 270 271 
3 270 277 271 
3 260 272 258 
3 272 281 258 
3 258 281 268 
3 281 273 268 
3 268 273 274 
3 273 275 274 
3 274 275 270 
3 275 276 270 
3 270 276 277 
3 276 278 277 
3 261 279 272 
3 279 280 272 
3 272 280 281 
3 280 286 281 
3 281 286 273 
3 286 287 273 
3 273 287 275 
3 287 282 275 
3 275 282 276 
3 282 283 276 
3 276 283 278 
3 283 131 278 
3 417 5 279 
3 5 436 279 
3 279 436 280 
3 436 284 280 
3 280 284 286 
3 284 285 286 
3 286 285 287 
3 285 425 287 
3 287 425 282 
3 425 288 282 
3 282 288 283 
3 288 289 283 
3 283 289 131 
3 289 7 131 
3 291 8 7 
3 421 292 291 
3 290 293 421 
3 427 296 290 
3 435 297 427 
3 434 305 435 
3 313 315 434 
3 291 292 8 
3 292 295 8 
3 421 293 292 
3 293 294 292 
3 292 294 295 
3 294 158 295 
3 290 296 293 
3 296 298 293 
3 293 298 294 
3 298 300 294 
3 294 300 158 
3 300 160 158 
3 427 297 296 
3 297 301 296 
3 296 301 298 
3 301 299 298 
3 298 299 300 
3 299 303 300 
3 300 303 160 
3 303 304 160 
3 435 305 297 
3 305 306 297 
3 297 306 301 
3 306 308 301 
3 301 308 299 
3 308 302 299 
3 299 302 303 
3 302 311 303 
3 303 311 304 
3 311 312 304 
3 434 315 305 
3 315 316 305 
3 305 316 306 
3 316 307 306 
3 306 307 308 
3 307 309 308 
3 308 309 302 
3 309 310 302 
3 302 310 311 
3 310 318 311 
3 311 318 312 
3 318 163 312 
3 313 314 315 
3 314 464 315 
3 315 464 316 
3 464 317 316 
3 316 317 307 
3 317 449 307 
3 307 449 309 
3 449 450 309 
3 309 450 310 
3 450 451 310 
3 310 451 318 
3 451 319 318 
3 318 319 163 
3 319 10 163 
3 192 320 38 
3 322 325 192 
3 327 321 322 
3 332 334 327 
3 191 333 332 
3 324 340 191 
3 323 348 324 
3 192 325 320 
3 325 326 320 
3 322 321 325 
3 321 329 325 
3 325 329 326 
3 329 331 326 
3 327 334 321 
3 334 328 321 
3 321 328 329 
3 328 330 329 
3 329 330 331 
3 330 204 331 
3 332 333 334 
3 333 336 334 
3 334 336 328 
3 336 335 328 
3 328 335 330 
3 335 337 330 
3 330 337 204 
3 337 210 204 
3 191 340 333 
3 340 342 333 
3 333 342 336 
3 342 344 336 
3 336 344 335 
3 344 345 335 
3 335 345 337 
3 345 338 337 
3 337 338 210 
3 338 339 210 
3 324 348 340 
3 348 341 340 
3 340 341 342 
3 341 343 342 
3 342 343 344 
3 343 351 344 
3 344 351 345 
3 351 352 345 
3 345 352 338 
3 352 346 338 
3 338 346 339 
3 346 355 339 
3 323 4 348 
3 4 347 348 
3 348 347 341 
3 347 484 341 
3 341 484 343 
3 484 349 343 
3 343 349 351 
3 349 350 351 
3 351 350 352 
3 350 353 352 
3 352 353 346 
3 353 354 346 
3 346 354 355 
3 354 3 355 
3 356 224 69 
3 357 365 356 
3 223 358 357 
3 359 360 223 
3 372 361 359 
3 376 377 372 
3 222 362 376 
3 356 365 224 
3 365 363 224 
3 357 358 365 
3 358 364 365 
3 365 364 363 
3 364 367 363 
3 223 360 358 
3 360 369 358 
3 358 369 364 
3 369 366 364 
3 364 366 367 
3 366 371 367 
3 359 361 360 
3 361 368 360 
3 360 368 369 
3 368 373 369 
3 369 373 366 
3 373 370 366 
3 366 370 371 
3 370 225 371 
3 372 377 361 
3 377 378 361 
3 361 378 368 
3 378 379 368 
3 368 379 373 
3 379 380 373 
3 373 380 370 
3 380 374 370 
3 370 374 225 
3 374 375 225 
3 376 362 377 
3 362 382 377 
3 377 382 378 
3 382 383 378 
3 378 383 379 
3 383 385 379 
3 379 385 380 
3 385 386 380 
3 380 386 374 
3 386 387 374 
3 374 387 375 
3 387 381 375 
3 222 509 362 
3 509 515 362 
3 362 515 382 
3 515 518 382 
3 382 518 383 
3 518 384 383 
3 383 384 385 
3 384 527 385 
3 385 527 386 
3 527 528 386 
3 386 528 387 
3 528 388 387 
3 387 388 381 
3 388 545 381 
3 392 262 255 
3 254 393 392 
3 389 396 254 
3 390 391 389 
3 252 403 390 
3 251 402 252 
3 6 408 251 
3 392 393 262 
3 393 395 262 
3 254 396 393 
3 396 398 393 
3 393 398 395 
3 398 394 395 
3 389 391 396 
3 391 397 396 
3 396 397 398 
3 397 401 398 
3 398 401 394 
3 401 259 394 
3 390 403 391 
3 403 399 391 
3 391 399 397 
3 399 400 397 
3 397 400 401 
3 400 406 401 
3 401 406 259 
3 406 260 259 
3 252 402 403 
3 402 404 403 
3 403 404 399 
3 404 405 399 
3 399 405 400 
3 405 411 400 
3 400 411 406 
3 411 407 406 
3 406 407 260 
3 407 261 260 
3 251 408 402 
3 408 409 402 
3 402 409 404 
3 409 410 404 
3 404 410 405 
3 410 412 405 
3 405 412 411 
3 412 413 411 
3 411 413 407 
3 413 414 407 
3 407 414 261 
3 414 417 261 
3 6 546 408 
3 546 415 408 
3 408 415 409 
3 415 551 409 
3 409 551 410 
3 551 555 410 
3 410 555 412 
3 555 562 412 
3 412 562 413 
3 562 416 413 
3 413 416 414 
3 416 566 414 
3 414 566 417 
3 566 2 417 
3 289 291 7 
3 288 423 289 
3 425 422 288 
3 285 428 425 
3 284 418 285 
3 436 419 284 
3 5 420 436 
3 289 423 291 
3 423 421 291 
3 288 422 423 
3 422 424 423 
3 423 424 421 
3 424 290 421 
3 425 428 422 
3 428 429 422 
3 422 429 424 
3 429 426 424 
3 424 426 290 
3 426 427 290 
3 285 418 428 
3 418 431 428 
3 428 431 429 
3 431 432 429 
3 429 432 426 
3 432 433 426 
3 426 433 427 
3 433 435 427 
3 284 419 418 
3 419 437 418 
3 418 437 431 
3 437 430 431 
3 431 430 432 
3 430 438 432 
3 432 438 433 
3 438 439 433 
3 433 439 435 
3 439 434 435 
3 436 420 419 
3 420 441 419 
3 419 441 437 
3 441 442 437 
3 437 442 430 
3 442 443 430 
3 430 443 438 
3 443 445 438 
3 438 445 439 
3 445 446 439 
3 439 446 434 
3 446 313 434 
3 5 608 420 
3 608 613 420 
3 420 613 441 
3 613 440 441 
3 441 440 442 
3 440 623 442 
3 442 623 443 
3 623 444 443 
3 443 444 445 
3 444 636 445 
3 445 636 446 
3 636 635 446 
3 446 635 313 
3 635 1 313 
3 319 447 10 
3 451 452 319 
3 450 448 451 
3 449 458 450 
3 317 461 449 
3 464 465 317 
3 314 470 464 
3 319 452 447 
3 452 453 447 
3 451 448 452 
3 448 456 452 
3 452 456 453 
3 456 454 453 
3 450 458 448 
3 458 455 448 
3 448 455 456 
3 455 457 456 
3 456 457 454 
3 457 164 454 
3 449 461 458 
3 461 462 458 
3 458 462 455 
3 462 459 455 
3 455 459 457 
3 459 460 457 
3 457 460 164 
3 460 165 164 
3 317 465 461 
3 465 466 461 
3 461 466 462 
3 466 467 462 
3 462 467 459 
3 467 468 459 
3 459 468 460 
3 468 469 460 
3 460 469 165 
3 469 463 165 
3 464 470 465 
3 470 472 465 
3 465 472 466 
3 472 473 466 
3 466 473 467 
3 473 474 467 
3 467 474 468 
3 474 475 468 
3 468 475 469 
3 475 476 469 
3 469 476 463 
3 476 477 463 
3 314 471 470 
3 471 595 470 
3 470 595 472 
3 595 576 472 
3 472 576 473 
3 576 581 473 
3 473 581 474 
3 581 575 474 
3 474 575 475 
3 575 577 475 
3 475 577 476 
3 577 574 476 
3 476 574 477 
3 574 479 477 
3 478 4 479 
3 480 483 478 
3 485 486 480 
3 586 489 485 
3 587 481 586 
3 594 493 587 
3 482 500 594 
3 478 483 4 
3 483 347 4 
3 480 486 483 
3 486 488 483 
3 483 488 347 
3 488 484 347 
3 485 489 486 
3 489 490 486 
3 486 490 488 
3 490 487 488 
3 488 487 484 
3 487 349 484 
3 586 481 489 
3 481 494 489 
3 489 494 490 
3 494 491 490 
3 490 491 487 
3 491 492 487 
3 487 492 349 
3 492 350 349 
3 587 493 481 
3 493 497 481 
3 481 497 494 
3 497 498 494 
3 494 498 491 
3 498 495 491 
3 491 495 492 
3 495 499 492 
3 492 499 350 
3 499 353 350 
3 594 500 493 
3 500 496 493 
3 493 496 497 
3 496 502 497 
3 497 502 498 
3 502 505 498 
3 498 505 495 
3 505 507 495 
3 495 507 499 
3 507 508 499 
3 499 508 353 
3 508 354 353 
3 482 514 500 
3 514 501 500 
3 500 501 496 
3 501 503 496 
3 496 503 502 
3 503 504 502 
3 502 504 505 
3 504 506 505 
3 505 506 507 
3 506 510 507 
3 507 510 508 
3 510 512 508 
3 508 512 354 
3 512 3 354 
3 512 509 3 
3 510 511 512 
3 506 516 510 
3 504 513 506 
3 503 520 504 
3 501 530 503 
3 514 529 501 
3 512 511 509 
3 511 515 509 
3 510 516 511 
3 516 517 511 
3 511 517 515 
3 517 518 515 
3 506 513 516 
3 513 519 516 
3 516 519 517 
3 519 522 517 
3 517 522 518 
3 522 384 518 
3 504 520 513 
3 520 524 513 
3 513 524 519 
3 524 521 519 
3 519 521 522 
3 521 525 522 
3 522 525 384 
3 525 527 384 
3 503 530 520 
3 530 532 520 
3 520 532 524 
3 532 523 524 
3 524 523 521 
3 523 535 521 
3 521 535 525 
3 535 526 525 
3 525 526 527 
3 526 528 527 
3 501 529 530 
3 529 531 530 
3 530 531 532 
3 531 539 532 
3 532 539 523 
3 539 533 523 
3 523 533 535 
3 533 534 535 
3 535 534 526 
3 534 536 526 
3 526 536 528 
3 536 388 528 
3 514 537 529 
3 537 538 529 
3 529 538 531 
3 538 540 531 
3 531 540 539 
3 540 541 539 
3 539 541 533 
3 541 542 533 
3 533 542 534 
3 542 543 534 
3 534 543 536 
3 543 544 536 
3 536 544 388 
3 544 545 388 
3 544 546 545 
3 543 548 544 
3 542 547 543 
3 541 552 542 
3 540 556 541 
3 538 563 540 
3 537 567 538 
3 544 548 546 
3 548 415 546 
3 543 547 548 
3 547 550 548 
3 548 550 415 
3 550 551 415 
3 542 552 547 
3 552 549 547 
3 547 549 550 
3 549 554 550 
3 550 554 551 
3 554 555 551 
3 541 556 552 
3 556 558 552 
3 552 558 549 
3 558 553 549 
3 549 553 554 
3 553 561 554 
3 554 561 555 
3 561 562 555 
3 540 563 556 
3 563 557 556 
3 556 557 558 
3 557 559 558 
3 558 559 553 
3 559 560 553 
3 553 560 561 
3 560 564 561 
3 561 564 562 
3 564 416 562 
3 538 567 563 
3 567 569 563 
3 563 569 557 
3 569 570 557 
3 557 570 559 
3 570 572 559 
3 559 572 560 
3 572 573 560 
3 560 573 564 
3 573 565 564 
3 564 565 416 
3 565 566 416 
3 537 612 567 
3 612 568 567 
3 567 568 569 
3 568 611 569 
3 569 611 570 
3 611 571 570 
3 570 571 572 
3 571 617 572 
3 572 617 573 
3 617 614 573 
3 573 614 565 
3 614 609 565 
3 565 609 566 
3 609 2 566 
3 574 478 479 
3 577 579 574 
3 575 578 577 
3 581 582 575 
3 576 588 581 
3 595 597 576 
3 471 596 595 
3 574 579 478 
3 579 480 478 
3 577 578 579 
3 578 580 579 
3 579 580 480 
3 580 485 480 
3 575 582 578 
3 582 584 578 
3 578 584 580 
3 584 585 580 
3 580 585 485 
3 585 586 485 
3 581 588 582 
3 588 589 582 
3 582 589 584 
3 589 583 584 
3 584 583 585 
3 583 591 585 
3 585 591 586 
3 591 587 586 
3 576 597 588 
3 597 598 588 
3 588 598 589 
3 598 590 589 
3 589 590 583 
3 590 592 583 
3 583 592 591 
3 592 593 591 
3 591 593 587 
3 593 594 587 
3 595 596 597 
3 596 599 597 
3 597 599 598 
3 599 600 598 
3 598 600 590 
3 600 601 590 
3 590 601 592 
3 601 602 592 
3 592 602 593 
3 602 605 593 
3 593 605 594 
3 605 482 594 
3 471 0 596 
3 0 641 596 
3 596 641 599 
3 641 639 599 
3 599 639 600 
3 639 638 600 
3 600 638 601 
3 638 603 601 
3 601 603 602 
3 603 604 602 
3 602 604 605 
3 604 606 605 
3 605 606 482 
3 606 607 482 
3 609 608 2 
3 614 616 609 
3 617 610 614 
3 571 618 617 
3 611 625 571 
3 568 624 611 
3 612 629 568 
3 609 616 608 
3 616 613 608 
3 614 610 616 
3 610 615 616 
3 616 615 613 
3 615 440 613 
3 617 618 610 
3 618 620 610 
3 610 620 615 
3 620 619 615 
3 615 619 440 
3 619 623 440 
3 571 625 618 
3 625 626 618 
3 618 626 620 
3 626 621 620 
3 620 621 619 
3 621 622 619 
3 619 622 623 
3 622 444 623 
3 611 624 625 
3 624 630 625 
3 625 630 626 
3 630 627 626 
3 626 627 621 
3 627 633 621 
3 621 633 622 
3 633 628 622 
3 622 628 444 
3 628 636 444 
3 568 629 624 
3 629 637 624 
3 624 637 630 
3 637 631 630 
3 630 631 627 
3 631 632 627 
3 627 632 633 
3 632 640 633 
3 633 640 628 
3 640 634 628 
3 628 634 636 
3 634 635 636 
3 612 606 629 
3 606 604 629 
3 629 604 637 
3 604 603 637 
3 637 603 631 
3 603 638 631 
3 631 638 632 
3 638 639 632 
3 632 639 640 
3 639 641 640 
3 640 641 634 
3 641 0 634 
3 634 0 635 
3 0 1 635 

