ply
format ascii 1.0
element vertex 182
property float x
property float y
property float z
element face 200
property list uchar int vertex_indices
end_header
0.0 0.0 1.0
0.309 0.000 0.951
0.294 0.095 0.951
0.250 0.182 0.951
0.182 0.250 0.951
0.095 0.294 0.951
-0.000 0.309 0.951
-0.095 0.294 0.951
-0.182 0.250 0.951
-0.250 0.182 0.951
-0.294 0.095 0.951
-0.309 -0.000 0.951
-0.294 -0.095 0.951
-0.250 -0.182 0.951
-0.182 -0.250 0.951
-0.095 -0.294 0.951
0.000 -0.309 0.951
0.095 -0.294 0.951
0.182 -0.250 0.951
0.250 -0.182 0.951
0.294 -0.095 0.951
0.588 0.000 0.809
0.559 0.182 0.809
0.476 0.345 0.809
0.345 0.476 0.809
0.182 0.559 0.809
-0.000 0.588 0.809
-0.182 0.559 0.809
-0.345 0.476 0.809
-0.476 0.345 0.809
-0.559 0.182 0.809
-0.588 -0.000 0.809
-0.559 -0.182 0.809
-0.476 -0.345 0.809
-0.345 -0.476 0.809
-0.182 -0.559 0.809
0.000 -0.588 0.809
0.182 -0.559 0.809
0.345 -0.476 0.809
0.476 -0.345 0.809
0.559 -0.182 0.809
0.809 0.000 0.588
0.769 0.250 0.588
0.655 0.476 0.588
0.476 0.655 0.588
0.250 0.769 0.588
-0.000 0.809 0.588
-0.250 0.769 0.588
-0.476 0.655 0.588
-0.655 0.476 0.588
-0.769 0.250 0.588
-0.809 -0.000 0.588
-0.769 -0.250 0.588
-0.655 -0.476 0.588
-0.476 -0.655 0.588
-0.250 -0.769 0.588
0.000 -0.809 0.588
0.250 -0.769 0.588
0.476 -0.655 0.588
0.655 -0.476 0.588
0.769 -0.250 0.588
0.951 0.000 0.309
0.905 0.294 0.309
0.769 0.559 0.309
0.559 0.769 0.309
0.294 0.905 0.309
-0.000 0.951 0.309
-0.294 0.905 0.309
-0.559 0.769 0.309
-0.769 0.559 0.309
-0.905 0.294 0.309
-0.951 -0.000 0.309
-0.905 -0.294 0.309
-0.769 -0.559 0.309
-0.559 -0.769 0.309
-0.294 -0.905 0.309
0.000 -0.951 0.309
0.294 -0.905 0.309
0.559 -0.769 0.309
0.769 -0.559 0.309
0.905 -0.294 0.309
1.000 0.000 -0.000
0.951 0.309 -0.000
0.809 0.588 -0.000
0.588 0.809 -0.000
0.309 0.951 -0.000
-0.000 1.000 -0.000
-0.309 0.951 -0.000
-0.588 0.809 -0.000
-0.809 0.588 -0.000
-0.951 0.309 -0.000
-1.000 -0.000 -0.000
-0.951 -0.309 -0.000
-0.809 -0.588 -0.000
-0.588 -0.809 -0.000
-0.309 -0.951 -0.000
0.000 -1.000 -0.000
0.309 -0.951 -0.000
0.588 -0.809 -0.000
0.809 -0.588 -0.000
0.951 -0.309 -0.000
0.951 0.000 -0.309
0.905 0.294 -0.309
0.769 0.559 -0.309
0.559 0.769 -0.309
0.294 0.905 -0.309
-0.000 0.951 -0.309
-0.294 0.905 -0.309
-0.559 0.769 -0.309
-0.769 0.559 -0.309
-0.905 0.294 -0.309
-0.951 -0.000 -0.309
-0.905 -0.294 -0.309
-0.769 -0.559 -0.309
-0.559 -0.769 -0.309
-0.294 -0.905 -0.309
0.000 -0.951 -0.309
0.294 -0.905 -0.309
0.559 -0.769 -0.309
0.769 -0.559 -0.309
0.905 -0.294 -0.309
0.809 0.000 -0.588
0.769 0.250 -0.588
0.655 0.476 -0.588
0.476 0.655 -0.588
0.250 0.769 -0.588
-0.000 0.809 -0.588
-0.250 0.769 -0.588
-0.476 0.655 -0.588
-0.655 0.476 -0.588
-0.769 0.250 -0.588
-0.809 -0.000 -0.588
-0.769 -0.250 -0.588
-0.655 -0.476 -0.588
-0.476 -0.655 -0.588
-0.250 -0.769 -0.588
0.000 -0.809 -0.588
0.250 -0.769 -0.588
0.476 -0.655 -0.588
0.655 -0.476 -0.588
0.769 -0.250 -0.588
0.588 0.000 -0.809
0.559 0.182 -0.809
0.476 0.345 -0.809
0.345 0.476 -0.809
0.182 0.559 -0.809
-0.000 0.588 -0.809
-0.182 0.559 -0.809
-0.345 0.476 -0.809
-0.476 0.345 -0.809
-0.559 0.182 -0.809
-0.588 -0.000 -0.809
-0.559 -0.182 -0.809
-0.476 -0.345 -0.809
-0.345 -0.476 -0.809
-0.182 -0.559 -0.809
0.000 -0.588 -0.809
0.182 -0.559 -0.809
0.345 -0.476 -0.809
0.476 -0.345 -0.809
0.559 -0.182 -0.809
0.309 0.000 -0.951
0.294 0.095 -0.951
0.250 0.182 -0.951
0.182 0.250 -0.951
0.095 0.294 -0.951
-0.000 0.309 -0.951
-0.095 0.294 -0.951
-0.182 0.250 -0.951
-0.250 0.182 -0.951
-0.294 0.095 -0.951
-0.309 -0.000 -0.951
-0.294 -0.095 -0.951
-0.250 -0.182 -0.951
-0.182 -0.250 -0.951
-0.095 -0.294 -0.951
0.000 -0.309 -0.951
0.095 -0.294 -0.951
0.182 -0.250 -0.951
0.250 -0.182 -0.951
0.294 -0.095 -0.951
0.0 0.0 -1.0
3 0 1 2
3 0 2 3
3 0 3 4
3 0 4 5
3 0 5 6
3 0 6 7
3 0 7 8
3 0 8 9
3 0 9 10
3 0 10 11
3 0 11 12
3 0 12 13
3 0 13 14
3 0 14 15
3 0 15 16
3 0 16 17
3 0 17 18
3 0 18 19
3 0 19 20
3 0 20 1
4 1 21 22 2
4 2 22 23 3
4 3 23 24 4
4 4 24 25 5
4 5 25 26 6
4 6 26 27 7
4 7 27 28 8
4 8 28 29 9
4 9 29 30 10
4 10 30 31 11
4 11 31 32 12
4 12 32 33 13
4 13 33 34 14
4 14 34 35 15
4 15 35 36 16
4 16 36 37 17
4 17 37 38 18
4 18 38 39 19
4 19 39 40 20
4 20 40 21 1
4 21 41 42 22
4 22 42 43 23
4 23 43 44 24
4 24 44 45 25
4 25 45 46 26
4 26 46 47 27
4 27 47 48 28
4 28 48 49 29
4 29 49 50 30
4 30 50 51 31
4 31 51 52 32
4 32 52 53 33
4 33 53 54 34
4 34 54 55 35
4 35 55 56 36
4 36 56 57 37
4 37 57 58 38
4 38 58 59 39
4 39 59 60 40
4 40 60 41 21
4 41 61 62 42
4 42 62 63 43
4 43 63 64 44
4 44 64 65 45
4 45 65 66 46
4 46 66 67 47
4 47 67 68 48
4 48 68 69 49
4 49 69 70 50
4 50 70 71 51
4 51 71 72 52
4 52 72 73 53
4 53 73 74 54
4 54 74 75 55
4 55 75 76 56
4 56 76 77 57
4 57 77 78 58
4 58 78 79 59
4 59 79 80 60
4 60 80 61 41
4 61 81 82 62
4 62 82 83 63
4 63 83 84 64
4 64 84 85 65
4 65 85 86 66
4 66 86 87 67
4 67 87 88 68
4 68 88 89 69
4 69 89 90 70
4 70 90 91 71
4 71 91 92 72
4 72 92 93 73
4 73 93 94 74
4 74 94 95 75
4 75 95 96 76
4 76 96 97 77
4 77 97 98 78
4 78 98 99 79
4 79 99 100 80
4 80 100 81 61
4 81 101 102 82
4 82 102 103 83
4 83 103 104 84
4 84 104 105 85
4 85 105 106 86
4 86 106 107 87
4 87 107 108 88
4 88 108 109 89
4 89 109 110 90
4 90 110 111 91
4 91 111 112 92
4 92 112 113 93
4 93 113 114 94
4 94 114 115 95
4 95 115 116 96
4 96 116 117 97
4 97 117 118 98
4 98 118 119 99
4 99 119 120 100
4 100 120 101 81
4 101 121 122 102
4 102 122 123 103
4 103 123 124 104
4 104 124 125 105
4 105 125 126 106
4 106 126 127 107
4 107 127 128 108
4 108 128 129 109
4 109 129 130 110
4 110 130 131 111
4 111 131 132 112
4 112 132 133 113
4 113 133 134 114
4 114 134 135 115
4 115 135 136 116
4 116 136 137 117
4 117 137 138 118
4 118 138 139 119
4 119 139 140 120
4 120 140 121 101
4 121 141 142 122
4 122 142 143 123
4 123 143 144 124
4 124 144 145 125
4 125 145 146 126
4 126 146 147 127
4 127 147 148 128
4 128 148 149 129
4 129 149 150 130
4 130 150 151 131
4 131 151 152 132
4 132 152 153 133
4 133 153 154 134
4 134 154 155 135
4 135 155 156 136
4 136 156 157 137
4 137 157 158 138
4 138 158 159 139
4 139 159 160 140
4 140 160 141 121
4 141 161 162 142
4 142 162 163 143
4 143 163 164 144
4 144 164 165 145
4 145 165 166 146
4 146 166 167 147
4 147 167 168 148
4 148 168 169 149
4 149 169 170 150
4 150 170 171 151
4 151 171 172 152
4 152 172 173 153
4 153 173 174 154
4 154 174 175 155
4 155 175 176 156
4 156 176 177 157
4 157 177 178 158
4 158 178 179 159
4 159 179 180 160
4 160 180 161 141
3 181 162 161
3 181 163 162
3 181 164 163
3 181 165 164
3 181 166 165
3 181 167 166
3 181 168 167
3 181 169 168
3 181 170 169
3 181 171 170
3 181 172 171
3 181 173 172
3 181 174 173
3 181 175 174
3 181 176 175
3 181 177 176
3 181 178 177
3 181 179 178
3 181 180 179
3 181 161 180

